data/HESS_J0632_1.ecsv
# %ECSV 0.9
# ---
# datatype:
# - {name: energy, unit: MeV, datatype: float64}
# - {name: size, unit: '', datatype: float64}
# - {name: flux, unit: erg / (cm2 s), datatype: float64}
# - {name: flux_error_lo, unit: erg / (cm2 s), datatype: float64}
# - {name: flux_error_hi, unit: erg / (cm2 s), datatype: float64}
# meta: !!omapREAD SERR 1 2
# %ECSV 0.9
# ---
# datatype:
# - {name: lge, unit: '', datatype: float64}
# - {name: dnde, unit: '', datatype: float64}
# - {name: dnde_error_lo, unit: '', datatype: float64}
# - {name: dnde_error_hi, unit: '', datatype: float64}
energy flux flux_error_lo flux_error_hi group
3.06 0.00040747 9.454e-05 0.00039171 2
3.2 0.00036808 7.5226e-05 0.00039882 2
3.36 0.0003425 6.9134e-05 0.00040677 2
3.52 0.0003687 7.1188e-05 0.00041449 2
3.66 0.00043992 8.9219e-05 0.0004211 2
3.8 0.00038434 7.1838e-05 0.00042751 2
3.96 0.00036313 6.9389e-05 0.0004347 2
4.12 0.00042718 7.5364e-05 0.00044171 2
4.24 0.00055673 0.00012029 0.0004469 2
4.34 0.00051503 9.5249e-05 0.00045112 2
4.46 0.00054942 9.954e-05 0.00045611 2
4.58 0.00037917 8.3806e-05 0.00046103 2
4.7 0.00045463 9.2486e-05 0.00046587 2
4.82 0.00057505 0.00010392 0.00047064 2
4.94 0.00057026 0.00010444 0.00047534 2
5.04 0.00059904 0.00013255 0.00047922 2
5.12 0.00051619 0.00012203 0.00048228 2
5.2 0.00041273 0.00011329 0.00048531 2
5.28 0.00057761 0.00013114 0.00048831 2
5.38 0.00047848 0.00010043 0.00049201 2
5.5 0.00043262 9.6508e-05 0.00049642 2
5.62 0.00061101 0.00011325 0.00050076 2
5.74 0.00054786 0.00010807 0.00050506 2
5.86 0.00044306 9.9915e-05 0.00050929 2
6.0 0.00045932 8.8932e-05 0.00051416 2
6.14 0.00048813 0.00010715 0.00051899 2
6.26 0.00043738 0.00010268 0.00052306 2
6.36 0.0006869 0.00015675 0.00052643 2
6.44 0.00067083 0.00015556 0.00052909 2
6.54 0.0005811 0.00012059 0.00053239 2
6.66 0.0004716 0.00011071 0.00053631 2
6.78 0.00072501 0.00013584 0.0005402 2
6.9 0.00042187 0.000108 0.00054404 2
7.02 0.00067381 0.0001353 0.00054784 2
7.14 0.00063249 0.00013358 0.0005516 2
7.24 0.00066771 0.00016852 0.00055472 2
7.34 0.00052587 0.00012458 0.00055779 2
7.48 0.00052512 0.00010965 0.00056206 2
7.62 0.00069721 0.00014725 0.00056629 2
7.72 0.00081684 0.00019581 0.00056929 2
7.82 0.00051915 0.00012972 0.00057225 2
7.96 0.00064812 0.00012682 0.00057636 2
8.1 0.00077713 0.00016135 0.00058044 2
8.24 0.0006354 0.00012937 0.00058446 2
8.38 0.00068949 0.00015615 0.00058846 2
8.5 0.00073774 0.00016374 0.00059185 2
8.62 0.00064076 0.00015578 0.00059521 2
8.74 0.00069378 0.00016304 0.00059854 2
8.86 0.00059501 0.00015451 0.00060185 2
8.98 0.00058607 0.00015336 0.00060513 2
9.1 0.00077784 0.00017978 0.00060838 2
9.24 0.0004241 0.00011706 0.00061214 2
9.4 0.00062498 0.00014298 0.0006164 2
9.56 0.00060777 0.00014437 0.00062062 2
9.72 0.00068538 0.00015666 0.00062479 2
9.86 0.00088095 0.00020758 0.00062842 2
10.04 0.0004277 0.00010797 0.000633 2
10.26 0.0007608 0.00016243 0.00063858 2
10.46 0.00064081 0.00015346 0.00064358 2
10.64 0.00079953 0.00019383 0.00064804 2
10.8 0.00083138 0.00020099 0.00065195 2
11.02 0.00056 0.00013059 0.00065726 2
11.26 0.00072099 0.00017696 0.00066303 2
11.46 0.00074974 0.00019077 0.00066776 2
11.72 0.00063226 0.00014596 0.00067381 2
12.02 0.00064242 0.00016497 0.00068074 2
12.32 0.00052018 0.0001448 0.00068754 2
12.62 0.00070446 0.00018004 0.00069427 2
12.94 0.00054512 0.0001497 0.00070131 2
13.28 0.00065428 0.00017712 0.0007087 2
13.62 0.00060102 0.00017155 0.00071597 2
14.0 0.00071815 0.00018291 0.00072396 2
14.38 0.00063416 0.00018796 0.00073185 2
14.82 0.00056355 0.00015582 0.00074078 2
15.18 0.0016842 0.00043319 0.00074805 2
15.52 0.00066151 0.00018679 0.00075473 2
15.9 0.0015227 0.00037445 0.00076218 2
16.34 0.00074128 0.00019446 0.00077057 2
16.82 0.001238 0.00032564 0.00077968 2
17.22 0.0010103 0.00027731 0.00078711 2
17.7 0.0010342 0.00027056 0.00079588 2
18.34 0.00066527 0.00019483 0.00080733 2
18.98 0.0010885 0.0003176 0.00081865 2
19.62 0.00095342 0.00026311 0.00082964 2
20.36 0.00096979 0.00028613 0.00084216 2
21.22 0.00091153 0.00025732 0.00085628 2
22.98 0.00054793 0.00016195 0.00088362 2
24.84 0.0014856 0.00043321 0.00091252 2
26.92 0.0010162 0.00029767 0.00094193 2
279085324.48218346 0.0007230859983473472 0.0003918319356311566 0.00042975824056009834 3
556848430.6001621 0.0008309869608780749 0.0002519717700905797 0.00028354289315395196 3
1111059712.0494082 0.0007407475119182964 0.00025393576392096305 0.00030177454752691263 3
