data/HESS_J0632_1_3sig.ecsv
# %ECSV 0.9
# ---
# datatype:
# - {name: energy, unit: keV, datatype: float64}
# - {name: flux, unit: keV / (cm2 s), datatype: float64}
# - {name: flux_error_lo, unit: keV / (cm2 s), datatype: float64}
# - {name: flux_error_hi, unit: keV / (cm2 s), datatype: float64}
# meta: !!omap
# - __serialized_columns__:
#     energy:
#       __class__: astropy.units.quantity.Quantity
#       value: !astropy.table.SerializedColumn {name: energy}
#     flux:
#       __class__: astropy.units.quantity.Quantity
#       value: !astropy.table.SerializedColumn {name: flux}
#     flux_error_hi:
#       __class__: astropy.units.quantity.Quantity
#       value: !astropy.table.SerializedColumn {name: flux_error_hi}
#     flux_error_lo:
#       __class__: astropy.units.quantity.Quantity
#       value: !astropy.table.SerializedColumn {name: flux_error_lo}
# schema: astropy-2.0
energy flux flux_error_lo flux_error_hi
3.06 0.00041964 9.6921e-05 0.0003971
3.2 0.00037823 7.7027e-05 0.00040457
3.36 0.00035209 7.0891e-05 0.00041293
3.52 0.0003795 7.2943e-05 0.00042106
3.66 0.00045075 9.1142e-05 0.00042802
3.8 0.00039386 7.3357e-05 0.00043478
3.96 0.00037089 7.0718e-05 0.00044235
4.12 0.00043719 7.6867e-05 0.00044975
4.24 0.00056969 0.0001228 0.00045523
4.34 0.00052584 9.6989e-05 0.00045968
4.46 0.00056151 0.00010138 0.00046496
4.58 0.00038754 8.537e-05 0.00047016
4.7 0.00046331 9.4024e-05 0.00047528
4.82 0.00058536 0.00010562 0.00048033
4.94 0.00057961 0.00010599 0.0004853
5.04 0.00061018 0.00013461 0.0004894
5.12 0.00052438 0.00012383 0.00049264
5.2 0.00042045 0.00011493 0.00049584
5.28 0.00058819 0.00013344 0.00049902
5.38 0.00048832 0.00010213 0.00050295
5.5 0.00044033 9.796e-05 0.00050762
5.62 0.00062252 0.00011518 0.00051222
5.74 0.00055839 0.00010992 0.00051677
5.86 0.00045167 0.00010152 0.00052127
6.0 0.00046872 9.0474e-05 0.00052644
6.14 0.00049765 0.00010899 0.00053156
6.26 0.00044551 0.00010432 0.00053588
6.36 0.00070058 0.00015955 0.00053946
6.44 0.00068279 0.00015808 0.00054229
6.54 0.00059216 0.00012252 0.00054579
6.66 0.00048023 0.00011252 0.00054996
6.78 0.00073762 0.000138 0.00055409
6.9 0.00042929 0.00010968 0.00055818
7.02 0.00068618 0.00013758 0.00056222
7.14 0.00064527 0.00013591 0.00056622
7.24 0.0006805 0.0001717 0.00056954
7.34 0.00053624 0.0001267 0.00057281
7.48 0.00053554 0.00011155 0.00057735
7.62 0.00071117 0.0001499 0.00058186
7.72 0.00083455 0.00019981 0.00058505
7.82 0.00053018 0.00013214 0.00058821
7.96 0.00066259 0.0001294 0.00059258
8.1 0.00079407 0.0001646 0.00059693
8.24 0.00064881 0.00013186 0.00060122
8.38 0.00070416 0.0001592 0.00060549
8.5 0.0007529 0.00016695 0.0006091
8.62 0.00065408 0.00015886 0.00061269
8.74 0.00071104 0.00016665 0.00061624
8.86 0.00060764 0.00015747 0.00061977
8.98 0.00059891 0.00015629 0.00062327
9.1 0.00079558 0.0001835 0.00062675
9.24 0.00043374 0.00011949 0.00063076
9.4 0.00064015 0.00014612 0.00063531
9.56 0.00062215 0.00014749 0.00063981
9.72 0.00070387 0.0001605 0.00064428
9.86 0.0009031 0.00021251 0.00064815
10.04 0.00043938 0.00011067 0.00065306
10.26 0.00078267 0.00016686 0.00065902
10.46 0.00066018 0.0001577 0.00066437
10.64 0.00082437 0.00019944 0.00066914
10.8 0.00085689 0.00020684 0.00067333
11.02 0.00057788 0.00013427 0.00067902
11.26 0.00074326 0.00018216 0.00068519
11.46 0.000772 0.00019627 0.00069026
11.72 0.00065302 0.00015045 0.00069675
12.02 0.00066457 0.00017022 0.00070417
12.32 0.00053865 0.00014946 0.00071147
12.62 0.00072985 0.00018616 0.00071868
12.94 0.00056477 0.00015464 0.00072624
13.28 0.00067912 0.00018333 0.00073417
13.62 0.00062609 0.00017778 0.00074198
14.0 0.00074867 0.00018993 0.00075057
14.38 0.00066174 0.00019536 0.00075904
14.82 0.00058835 0.00016206 0.00076864
15.18 0.0017595 0.00045175 0.00077647
15.52 0.00069314 0.00019478 0.00078366
15.9 0.0015948 0.00039106 0.00079167
16.34 0.00077689 0.00020277 0.00080071
16.82 0.0012957 0.00034002 0.00081053
17.22 0.0010585 0.00028945 0.00081853
17.7 0.0010832 0.00028247 0.00082799
18.34 0.00069693 0.00020323 0.00084034
18.98 0.0011398 0.00033032 0.00085256
19.62 0.00099221 0.00027275 0.00086442
20.36 0.0010099 0.00029654 0.00087794
21.14 0.00096198 0.00028731 0.00089185
22.44 0.00069026 0.00020161 0.00091407
24.34 0.00083362 0.00025452 0.00094564
26.7 0.00099645 0.00030308 0.00098276
279085324.48218346 0.0007230859983473472 0.00039183193563115657 0.00042975824056009824
556848430.6001621 0.0008309869608780749 0.0002519717700905797 0.00028354289315395196
1111059712.0494082 0.0007407475119182964 0.00025393576392096305 0.0003017745475269127
