data/HESS_J0632_0_3sig.ecsv
# %ECSV 0.9
# ---
# datatype:
# - {name: energy, unit: keV, datatype: float64}
# - {name: flux, unit: keV / (cm2 s), datatype: float64}
# - {name: flux_error_lo, unit: keV / (cm2 s), datatype: float64}
# - {name: flux_error_hi, unit: keV / (cm2 s), datatype: float64}
# meta: !!omap
# - __serialized_columns__:
#     energy:
#       __class__: astropy.units.quantity.Quantity
#       value: !astropy.table.SerializedColumn {name: energy}
#     flux:
#       __class__: astropy.units.quantity.Quantity
#       value: !astropy.table.SerializedColumn {name: flux}
#     flux_error_hi:
#       __class__: astropy.units.quantity.Quantity
#       value: !astropy.table.SerializedColumn {name: flux_error_hi}
#     flux_error_lo:
#       __class__: astropy.units.quantity.Quantity
#       value: !astropy.table.SerializedColumn {name: flux_error_lo}
# schema: astropy-2.0
energy flux flux_error_lo flux_error_hi
3.06 0.00051754 0.0001101 0.00050765
3.18 0.00042604 9.65e-05 0.00051193
3.28 0.0007149 0.00014709 0.00051542
3.36 0.00063794 0.00013687 0.00051814
3.46 0.00048817 9.7658e-05 0.00052145
3.56 0.00057364 0.00012779 0.00052472
3.64 0.00056834 0.0001269 0.00052728
3.72 0.00058761 0.00012894 0.00052978
3.8 0.00044655 0.0001112 0.00053225
3.9 0.00051855 9.8373e-05 0.00053526
4.0 0.00048677 0.00011622 0.00053824
4.08 0.00081299 0.00014909 0.00054058
4.16 0.00069766 0.00013732 0.00054287
4.24 0.00046891 0.00011364 0.00054513
4.32 0.00068027 0.00013656 0.00054736
4.4 0.00060013 0.00012992 0.00054956
4.5 0.00060036 0.00010593 0.00055225
4.6 0.00050026 0.0001189 0.00055492
4.7 0.00048264 9.7767e-05 0.00055752
4.8 0.00070232 0.00014362 0.0005601
4.88 0.00070535 0.00014542 0.00056212
4.96 0.00072121 0.00014718 0.00056412
5.06 0.00036758 8.7289e-05 0.00056658
5.18 0.00056497 0.00010886 0.00056948
5.28 0.00060558 0.00013886 0.00057187
5.38 0.00058057 0.00011206 0.00057421
5.48 0.00062066 0.00014268 0.00057653
5.56 0.00075156 0.00015767 0.00057836
5.64 0.00070782 0.00015298 0.00058017
5.72 0.00071304 0.00015518 0.00058195
5.82 0.00075616 0.00013159 0.00058415
5.94 0.0004823 0.00010719 0.00058676
6.06 0.00053193 0.00011427 0.00058933
6.16 0.00080258 0.00017106 0.00059144
6.26 0.00065979 0.00012788 0.00059352
6.38 0.00058442 0.00012156 0.00059599
6.5 0.00038853 0.00010249 0.00059841
6.62 0.00055212 0.00012213 0.00060081
6.74 0.00042961 0.00011061 0.00060317
6.86 0.00060924 0.00013101 0.0006055
6.98 0.00068382 0.00013983 0.00060779
7.1 0.00071138 0.00014344 0.00061006
7.22 0.00068698 0.00014442 0.0006123
7.34 0.00074681 0.00015088 0.0006145
7.48 0.00047031 0.00010719 0.00061704
7.62 0.00040033 0.00011719 0.00061955
7.72 0.00097417 0.00021948 0.00062131
7.84 0.00052271 0.00011754 0.0006234
7.98 0.0007928 0.00016812 0.00062582
8.1 0.0006568 0.0001539 0.00062786
8.24 0.00056708 0.00012724 0.00063021
8.38 0.00054616 0.00014529 0.00063254
8.52 0.0006608 0.00014012 0.00063482
8.66 0.00073219 0.00017155 0.00063709
8.8 0.00064465 0.00014193 0.00063932
8.96 0.00066791 0.00014637 0.00064184
9.12 0.00064867 0.00014784 0.00064433
9.24 0.00082615 0.00023277 0.00064617
9.38 0.00062291 0.00013295 0.00064829
9.54 0.00077013 0.00019469 0.00065069
9.68 0.00067818 0.0001589 0.00065276
9.84 0.00078667 0.00017456 0.0006551
10.06 0.00041585 0.00010348 0.00065826
10.28 0.0009009 0.00020349 0.00066139
10.46 0.00072441 0.00017088 0.00066389
10.68 0.00053518 0.00013823 0.00066691
10.88 0.00093013 0.00022353 0.00066963
11.08 0.00058094 0.00015288 0.00067229
11.34 0.00061612 0.00014994 0.0006757
11.6 0.00072256 0.00018433 0.00067905
11.84 0.00065568 0.00018357 0.0006821
12.1 0.00091964 0.00020829 0.00068533
12.38 0.00072161 0.00018914 0.00068877
12.64 0.00088642 0.0002316 0.0006919
12.92 0.00058088 0.00017279 0.00069521
13.22 0.00099092 0.00023883 0.00069871
13.64 0.00043931 0.00012569 0.00070346
14.14 0.00065574 0.0001788 0.00070903
14.6 0.00066793 0.00017914 0.000714
15.04 0.0010699 0.00025409 0.00071865
15.42 0.0013395 0.00031111 0.00072258
15.8 0.00085592 0.00025456 0.00072643
16.38 0.00055061 0.00015866 0.00073212
17.04 0.0008044 0.0002355 0.00073849
17.7 0.00083819 0.00021785 0.00074462
18.3 0.0014505 0.00038517 0.0007501
18.96 0.00091533 0.00023905 0.00075587
20.1 0.00066277 0.00018484 0.00076547
21.44 0.00082392 0.00023967 0.00077637
22.56 0.0012075 0.00036358 0.00078511
23.66 0.0013153 0.00037867 0.00079328
26.06 0.00084827 0.00024876 0.00080962
279085324.48218346 0.0017923495186850829 0.0005890132040516896 0.0006454964723004523
556848430.6001621 0.0006804740440972064 0.00027709291544081055 0.00030379981080426227
1111059712.0494082 0.0005771490685733764 0.00023671636948648334 0.0002720217448414277
2216853531.333861 0.00022408419294528563 0.0001834727385931019 0.00023743426806269153
