data/HESS_J0632_1_5sig.ecsv
# %ECSV 0.9
# ---
# datatype:
# - {name: energy, unit: keV, datatype: float64}
# - {name: flux, unit: keV / (cm2 s), datatype: float64}
# - {name: flux_error_lo, unit: keV / (cm2 s), datatype: float64}
# - {name: flux_error_hi, unit: keV / (cm2 s), datatype: float64}
# meta: !!omap
# - __serialized_columns__:
#     energy:
#       __class__: astropy.units.quantity.Quantity
#       value: !astropy.table.SerializedColumn {name: energy}
#     flux:
#       __class__: astropy.units.quantity.Quantity
#       value: !astropy.table.SerializedColumn {name: flux}
#     flux_error_hi:
#       __class__: astropy.units.quantity.Quantity
#       value: !astropy.table.SerializedColumn {name: flux_error_hi}
#     flux_error_lo:
#       __class__: astropy.units.quantity.Quantity
#       value: !astropy.table.SerializedColumn {name: flux_error_lo}
# schema: astropy-2.0
energy flux flux_error_lo flux_error_hi
3.14 0.00039486 6.0317e-05 0.0004012
3.44 0.00036582 5.0863e-05 0.0004168
3.74 0.00041798 5.726e-05 0.00043176
3.96 0.00037089 7.0718e-05 0.00044235
4.12 0.00043719 7.6867e-05 0.00044975
4.3 0.00054344 7.616e-05 0.00045785
4.46 0.00056151 0.00010138 0.00046496
4.64 0.00042502 6.3437e-05 0.00047266
4.82 0.00058536 0.00010562 0.00048033
4.94 0.00057961 0.00010599 0.0004853
5.08 0.00056752 9.1496e-05 0.00049099
5.24 0.00050374 8.7967e-05 0.00049741
5.44 0.0004645 7.0782e-05 0.00050523
5.62 0.00062252 0.00011518 0.00051222
5.74 0.00055839 0.00010992 0.00051677
5.94 0.00046129 6.7548e-05 0.00052416
6.2 0.00047186 7.5478e-05 0.00053368
6.4 0.00069174 0.00011231 0.00054086
6.6 0.00053678 8.3255e-05 0.00054784
6.78 0.00073762 0.000138 0.00055409
6.96 0.00055619 8.7744e-05 0.00056016
7.18 0.00065918 0.00010659 0.00056753
7.42 0.00053584 8.3725e-05 0.00057536
7.66 0.00075995 0.00012023 0.00058312
7.9 0.00060492 9.2991e-05 0.00059067
8.18 0.00071203 0.00010333 0.00059935
8.44 0.00072823 0.00011528 0.00060727
8.68 0.00068224 0.00011507 0.00061444
8.92 0.00060332 0.00011095 0.0006215
9.18 0.00059121 0.00010455 0.00062901
9.48 0.0006313 0.00010381 0.00063752
9.78 0.00078729 0.00012893 0.00064591
10.14 0.00058777 9.5659e-05 0.0006557
10.54 0.00073165 0.00012437 0.00066645
10.94 0.00068288 0.00011433 0.0006769
11.36 0.00075715 0.00013362 0.00068768
11.86 0.00065822 0.00011275 0.00070012
12.46 0.00062524 0.00011745 0.00071475
13.1 0.00061628 0.0001185 0.00072987
13.82 0.00068805 0.00013018 0.00074638
14.74 0.00081358 0.00012898 0.00076665
15.66 0.0010104 0.00018674 0.00078652
16.52 0.00096101 0.00017797 0.00080426
17.48 0.0010714 0.00020221 0.00082352
18.98 0.00090833 0.00014954 0.00085182
21.66 0.00084919 0.00014499 0.00089938
25.68 0.00091245 0.00019672 0.00096502
279085324.48218346 0.0007230859983473472 0.00039183193563115657 0.00042975824056009824
556848430.6001621 0.0008309869608780749 0.0002519717700905797 0.00028354289315395196
1111059712.0494082 0.0007407475119182964 0.00025393576392096305 0.0003017745475269127
