data/HESS_J0632_0.ecsv
# %ECSV 0.9
# ---
# datatype:
# - {name: energy, unit: keV, datatype: float64}
# - {name: size, unit: keV, datatype: float64}
# - {name: flux, unit: erg / (cm2 s), datatype: float64}
# - {name: flux_error_lo, unit: erg / (cm2 s), datatype: float64}
# - {name: flux_error_hi, unit: erg / (cm2 s), datatype: float64}
# meta: !!omapREAD SERR 1 2
# %ECSV 0.9
# ---
# datatype:
# - {name: lge, unit: '', datatype: float64}
# - {name: dnde, unit: '', datatype: float64}
# - {name: dnde_error_lo, unit: '', datatype: float64}
# - {name: dnde_error_hi, unit: '', datatype: float64}
energy flux flux_error_lo flux_error_hi group
3.06 0.00050234 0.00010707 0.00049854 0
3.18 0.00041407 9.398e-05 0.00050259 0
3.28 0.00069415 0.00014299 0.00050589 0
3.36 0.0006196 0.00013311 0.00050846 0
3.46 0.00047458 9.5112e-05 0.00051159 0
3.56 0.00055768 0.00012444 0.00051468 0
3.64 0.00055366 0.00012384 0.00051709 0
3.72 0.00057235 0.00012582 0.00051946 0
3.8 0.00043492 0.00010846 0.00052179 0
3.9 0.00050605 9.6171e-05 0.00052464 0
4.0 0.00047529 0.00011366 0.00052745 0
4.08 0.00079248 0.00014552 0.00052965 0
4.16 0.00068103 0.00013418 0.00053182 0
4.24 0.00045735 0.000111 0.00053395 0
4.32 0.00066492 0.00013362 0.00053605 0
4.4 0.00058667 0.00012719 0.00053813 0
4.5 0.00058675 0.00010364 0.00054066 0
4.6 0.00048899 0.00011632 0.00054318 0
4.7 0.00047246 9.5869e-05 0.00054563 0
4.8 0.00068779 0.0001408 0.00054806 0
4.88 0.00069166 0.00014278 0.00054997 0
4.96 0.00070732 0.0001445 0.00055185 0
5.06 0.0003605 8.5734e-05 0.00055417 0
5.18 0.00055411 0.00010691 0.0005569 0
5.28 0.00059281 0.0001361 0.00055915 0
5.38 0.00056813 0.00010981 0.00056136 0
5.48 0.00060899 0.00014018 0.00056354 0
5.56 0.00073623 0.00015464 0.00056526 0
5.64 0.00069351 0.00015003 0.00056696 0
5.72 0.00069842 0.00015217 0.00056864 0
5.82 0.00074121 0.00012913 0.00057071 0
5.94 0.00047245 0.00010516 0.00057317 0
6.06 0.000521 0.00011212 0.00057558 0
6.16 0.00078725 0.00016797 0.00057757 0
6.26 0.00064713 0.00012557 0.00057953 0
6.38 0.00057279 0.00011927 0.00058184 0
6.5 0.00038148 0.00010084 0.00058413 0
6.62 0.00054141 0.00011994 0.00058638 0
6.74 0.00042179 0.00010884 0.0005886 0
6.86 0.00059802 0.00012876 0.00059079 0
6.98 0.00067043 0.00013725 0.00059294 0
7.1 0.00069834 0.0001409 0.00059507 0
7.22 0.000673 0.00014167 0.00059717 0
7.34 0.00073288 0.00014818 0.00059925 0
7.48 0.00046148 0.00010536 0.00060163 0
7.62 0.00039281 0.00011524 0.00060398 0
7.72 0.00095401 0.00021511 0.00060564 0
7.84 0.00051231 0.00011543 0.0006076 0
7.98 0.00077695 0.00016499 0.00060987 0
8.1 0.00064388 0.00015104 0.00061179 0
8.24 0.00055621 0.00012501 0.00061399 0
8.38 0.0005357 0.00014273 0.00061618 0
8.52 0.00064802 0.00013761 0.00061832 0
8.66 0.00071694 0.00016818 0.00062045 0
8.8 0.00063117 0.00013915 0.00062254 0
8.96 0.0006551 0.00014374 0.0006249 0
9.12 0.00063492 0.00014495 0.00062723 0
9.24 0.0008092 0.00022808 0.00062896 0
9.38 0.00060925 0.00013024 0.00063095 0
9.54 0.00075343 0.0001908 0.0006332 0
9.68 0.00066169 0.00015522 0.00063514 0
9.84 0.00076753 0.00017049 0.00063733 0
10.06 0.00040482 0.00010101 0.00064029 0
10.28 0.00087544 0.0001979 0.00064322 0
10.46 0.00070354 0.00016627 0.00064557 0
10.68 0.00051922 0.0001344 0.0006484 0
10.88 0.00090345 0.00021738 0.00065094 0
11.08 0.00056401 0.00014881 0.00065343 0
11.34 0.00059832 0.00014591 0.00065662 0
11.6 0.00070018 0.00017898 0.00065976 0
11.84 0.00063467 0.00017805 0.00066261 0
12.1 0.00088924 0.00020183 0.00066564 0
12.38 0.0006979 0.00018326 0.00066885 0
12.64 0.00085661 0.0002242 0.00067178 0
12.92 0.00056093 0.00016741 0.00067487 0
13.22 0.00095599 0.00023068 0.00067814 0
13.64 0.00042266 0.00012139 0.00068258 0
14.14 0.00062979 0.0001722 0.00068779 0
14.6 0.00064051 0.00017217 0.00069243 0
15.04 0.0010245 0.00024365 0.00069677 0
15.42 0.0012815 0.00029808 0.00070044 0
15.8 0.00081844 0.00024426 0.00070404 0
16.38 0.00052684 0.0001524 0.00070935 0
17.04 0.00077011 0.00022625 0.00071529 0
17.7 0.00080211 0.00020919 0.00072101 0
18.3 0.001386 0.00036883 0.00072612 0
18.96 0.00087756 0.00023012 0.0007315 0
20.1 0.00063673 0.00017858 0.00074045 0
21.44 0.00079099 0.00023132 0.0007506 0
22.56 0.0011617 0.00035167 0.00075874 0
23.66 0.0012714 0.00036863 0.00076634 0
26.06 0.00082261 0.00024393 0.00078154 0
279085324.48218346 0.0017923495186850829 0.0005890132040516897 0.0006454964723004523 1
556848430.6001621 0.0006804740440972063 0.00027709291544081055 0.0003037998108042622 1
1111059712.0494082 0.0005771490685733764 0.00023671636948648334 0.00027202174484142774 1
2216853531.333861 0.00022408419294528563 0.0001834727385931019 0.00023743426806269153 1
