data/VERITAS-LC-20181214.ecsv
# %ECSV 0.9
# ---
# datatype:
# - {name: e_min, unit: TeV, datatype: float64}
# - {name: time_min, unit: MJD, datatype: float64}
# - {name: time_max, unit: MJD, datatype: float64}
# - {name: live_time, unit: h, datatype: float64}
# - {name: flux, unit: cm-2 s-1, datatype: float64}
# - {name: flux_err, unit: cm-2 s-1, datatype: float64}
# - {name: on, datatype: float64}
# - {name: off, datatype: float64}
# - {name: alpha, datatype: float64}
# - {name: sig, datatype: float64}
# meta: !!omap
# - data_type: lc
# - telescope: veritas
# - {SED_TYPE: flux}
# - comments: |
#       VERITAS light curve of HESS J0632+057 **preliminary**
e_min time_min time_max live_time flux flux_err on off alpha sig
0.35   54830.0   54835.0   9.3569   1.3391e-12   4.2364e-13   68.0000   244.0000   0.1667   3.5646
0.35   54856.0   54862.0   9.9922   7.9446e-13   3.9353e-13   62.0000   271.0000   0.1667   2.1755
0.35   55122.0   55135.0   9.6658   1.4114e-12   4.8255e-13   135.0000   594.0000   0.1667   3.1469
0.35   55235.0   55248.0   15.5036   2.4983e-12   3.9192e-13   240.0000   820.0000   0.1667   7.2690
0.35   55259.0   55277.0   5.0111   3.6757e-12   7.8246e-13   109.0000   347.0000   0.1667   5.4425
0.35   55544.0   55565.0   3.8258   2.6750e-12   8.4574e-13   72.0000   263.0000   0.1667   3.5524
0.35   55569.0   55573.0   3.6008   4.2051e-12   9.0639e-13   78.0000   213.0000   0.1667   5.5600
0.35   55585.0   55600.0   11.3222   2.3778e-12   4.7761e-13   187.0000   693.0000   0.1667   5.5734
0.35   55600.0   55603.0   8.6883   5.7079e-12   6.9508e-13   238.0000   640.0000   0.1667   9.8741
0.35   55614.0   55623.0   10.5600   7.1117e-13   4.2757e-13   131.0000   664.0000   0.1667   1.7312
0.35   55624.0   55631.0   5.9431   -4.2276e-14   5.9356e-13   75.0000   454.0000   0.1667   -0.0711
0.35   55643.0   55657.0   8.9567   6.9575e-13   5.8610e-13   139.0000   744.0000   0.1667   1.2197
0.35   55888.0   55902.0   7.2383   3.4716e-12   6.2238e-13   143.0000   441.0000   0.1667   6.5083
0.35   55916.0   55921.0   10.5447   2.9516e-12   4.8621e-13   185.0000   593.0000   0.1667   7.0225
0.35   55921.0   55928.0   7.2944   1.5126e-12   5.4141e-13   102.0000   433.0000   0.1667   3.0312
0.35   55940.0   55950.0   5.1922   -1.2576e-13   4.9845e-13   45.0000   281.0000   0.1667   -0.2499
0.35   55951.0   55956.0   4.2733   1.1530e-12   6.0791e-13   51.0000   220.0000   0.1667   2.0501
0.35   56215.0   56228.0   4.6542   4.0548e-12   7.5827e-13   70.0000   144.0000   0.1667   6.8030
0.35   56243.0   56256.0   2.2872   9.0845e-13   6.9589e-13   16.0000   63.0000   0.1667   1.4412
0.35   56265.0   56283.0   6.1517   6.7423e-13   4.2103e-13   36.0000   155.0000   0.1667   1.7317
0.35   56295.0   56306.0   5.1017   7.8737e-13   5.2507e-13   37.0000   164.0000   0.1667   1.6107
0.35   56330.0   56342.0   3.3392   6.1245e-13   5.5398e-13   22.0000   99.0000   0.1667   1.1833
0.35   56363.0   56367.0   2.4989   1.5711e-12   8.0564e-13   28.0000   103.0000   0.1667   2.1868
0.35   56652.0   56664.0   9.8136   2.3661e-12   4.1863e-13   112.0000   300.0000   0.1667   6.8018
0.35   56680.0   56687.0   3.8914   1.4233e-12   5.4742e-13   32.0000   100.0000   0.1667   3.0249
0.35   56707.0   56718.0   2.4675   2.7567e-13   6.4432e-13   16.0000   85.0000   0.1667   0.4404
0.35   56730.0   56747.0   6.6369   7.2360e-13   4.6026e-13   62.0000   293.0000   0.1667   1.6635
0.35   56958.0   56966.0   3.7111   2.3774e-12   6.7230e-13   39.0000   97.0000   0.1667   4.3239
0.35   56970.0   56989.0   5.1706   1.9438e-12   5.0202e-13   45.0000   109.0000   0.1667   4.7612
0.35   57030.0   57041.0   3.6842   1.4112e-12   5.8633e-13   31.0000   102.0000   0.1667   2.7680
0.35   57363.0   57373.0   1.9678   3.9827e-13   6.1806e-13   10.0000   47.0000   0.1667   0.6827
0.35   57389.0   57401.0   2.5014   3.7487e-13   5.7588e-13   13.0000   63.0000   0.1667   0.6847
0.35   57417.0   57432.0   5.0028   1.2218e-12   4.6773e-13   38.0000   127.0000   0.1667   2.9936
0.35   57444.0   57458.0   3.0017   1.5980e-12   6.4021e-13   27.0000   81.0000   0.1667   2.9304
0.35   57716.0   57730.0   4.8278   5.5120e-13   4.0971e-13   22.0000   92.0000   0.1667   1.4647
0.35   57756.0   57783.0   5.6206   1.6388e-12   4.8580e-13   50.0000   151.0000   0.1667   3.9543
0.35   57801.0   57815.0   3.5014   2.0970e-12   6.1138e-13   32.0000   72.0000   0.1667   4.2837
0.35   58073.0   58084.0   7.2186   1.8156e-12   5.0609e-13   78.0000   269.0000   0.1667   4.0823
0.35   58101.0   58104.0   6.0033   1.7023e-12   4.2594e-13   44.0000   100.0000   0.1667   4.9806
0.35   58136.0   58137.0   1.8344   5.8596e-12   1.1639e-12   34.0000   26.0000   0.1667   7.6309
0.35   58141.0   58142.0   2.5014   5.5996e-12   1.0289e-12   48.0000   58.0000   0.1667   7.6607
0.35   58142.0   58143.0   3.5853   2.9440e-12   6.2753e-13   33.0000   34.0000   0.1667   6.7857
0.35   58143.0   58144.0   3.0736   2.1952e-12   5.7113e-13   21.0000   19.0000   0.1667   5.6775
0.35   58153.0   58155.0   3.0967   2.0022e-13   4.2567e-13   11.0000   56.0000   0.1667   0.4891
