data/unused/HESS_J0632_0_5sig.ecsv
# %ECSV 0.9
# ---
# datatype:
# - {name: energy, unit: keV, datatype: float64}
# - {name: flux, unit: keV / (cm2 s), datatype: float64}
# - {name: flux_error_lo, unit: keV / (cm2 s), datatype: float64}
# - {name: flux_error_hi, unit: keV / (cm2 s), datatype: float64}
# meta: !!omap
# - __serialized_columns__:
#     energy:
#       __class__: astropy.units.quantity.Quantity
#       value: !astropy.table.SerializedColumn {name: energy}
#     flux:
#       __class__: astropy.units.quantity.Quantity
#       value: !astropy.table.SerializedColumn {name: flux}
#     flux_error_hi:
#       __class__: astropy.units.quantity.Quantity
#       value: !astropy.table.SerializedColumn {name: flux_error_hi}
#     flux_error_lo:
#       __class__: astropy.units.quantity.Quantity
#       value: !astropy.table.SerializedColumn {name: flux_error_lo}
# schema: astropy-2.0
energy flux flux_error_lo flux_error_hi
3.12 0.00047003 7.2885e-05 0.00050971
3.32 0.00067574 0.00010035 0.00051675
3.5 0.00052272 7.7804e-05 0.00052272
3.68 0.00057797 9.0457e-05 0.0005285
3.86 0.0004898 7.3916e-05 0.00053402
4.04 0.00064996 9.4526e-05 0.00053939
4.16 0.00069766 0.00013732 0.00054287
4.28 0.00057415 8.8764e-05 0.00054623
4.46 0.00060025 8.2099e-05 0.00055115
4.66 0.00048974 7.5513e-05 0.00055645
4.84 0.00070381 0.00010219 0.00056109
5.02 0.00051022 7.8974e-05 0.00056557
5.18 0.00056497 0.00010886 0.00056948
5.34 0.00059064 8.7216e-05 0.00057326
5.52 0.00068568 0.00010625 0.00057743
5.68 0.0007104 0.00010894 0.00058105
5.82 0.00075616 0.00013159 0.00058415
6.0 0.00050683 7.8286e-05 0.00058802
6.22 0.00071758 0.0001029 0.00059267
6.44 0.00048755 7.9654e-05 0.00059718
6.68 0.00049158 8.2486e-05 0.00060197
6.92 0.00064605 9.5737e-05 0.00060663
7.16 0.00069934 0.00010177 0.00061116
7.42 0.00059079 8.9333e-05 0.00061593
7.66 0.00062721 0.00011203 0.00062024
7.9 0.00063657 9.8211e-05 0.00062442
8.18 0.00060613 9.8237e-05 0.00062918
8.46 0.00061087 0.00010129 0.00063383
8.74 0.00068277 0.00010955 0.00063835
9.04 0.00065844 0.00010401 0.00064306
9.34 0.0006822 0.0001161 0.00064767
9.62 0.00071831 0.00012345 0.00065186
9.98 0.00055804 9.2473e-05 0.00065708
10.38 0.00080498 0.00013135 0.00066276
10.76 0.00068862 0.00012119 0.00066798
11.22 0.00059919 0.00010707 0.00067408
11.72 0.00069061 0.00013023 0.00068054
12.24 0.00082334 0.0001411 0.00068701
12.8 0.00071614 0.00014066 0.00069376
13.5 0.00063654 0.00011753 0.00070181
14.38 0.00066186 0.00012656 0.00071154
15.22 0.0011928 0.00019806 0.00072046
16.46 0.00070465 0.00011909 0.00073262
17.92 0.0010481 0.00019476 0.00074654
19.66 0.00077162 0.00014724 0.0007615
22.54 0.0010734 0.00018177 0.0007842
26.06 0.00084827 0.00024876 0.00080962
279085324.48218346 0.0017923495186850829 0.0005890132040516896 0.0006454964723004523
556848430.6001621 0.0006804740440972064 0.00027709291544081055 0.00030379981080426227
1111059712.0494082 0.0005771490685733764 0.00023671636948648334 0.0002720217448414277
2216853531.333861 0.00022408419294528563 0.0001834727385931019 0.00023743426806269153
